function [ cities ] = knownCities100(  )

cities = [  -32.6569  -56.5134; ...
            -39.5085  -75.2072; ...
             40.2994  -46.1148; ...
             36.1838   72.8428; ...
              3.8016  -47.8443; ...
             10.5916  -91.7177; ...
              1.2171   12.7628; ...
             -5.4920   55.2108; ...
            -11.7259   88.5351; ...
            -14.2160  -61.4241; ...
            -99.0851  -86.3149; ...
             53.9535   31.3080; ...
             78.6641   84.4735; ...
              9.5142   23.1315; ...
             11.7078  -94.0817; ...
            -23.3355   96.5196; ...
             83.0093  -85.7987; ...
            -31.2247   28.0935; ...
            -74.9414   95.1947; ...
             17.7689   13.1320; ...
            -10.7755  -34.3475; ...
             56.2763   -2.2178; ...
            -81.7458  -69.3335; ...
             89.4772   41.8653; ...
             71.5319   43.4909; ...
             65.4002   26.7603; ...
             31.2876   72.9661; ...
             -1.7206  -59.0631; ...
             14.1944   92.4675; ...
             17.2767  -22.4424; ...
              1.9398  -70.3755; ...
             48.0024  -30.3386; ...
            -86.2210  -78.3115; ...
              2.7859   78.0373; ...
             -3.8178   53.1725; ...
             -6.8199  -22.8320; ...
            -30.7354   93.6207; ...
             66.7316   47.4346; ...
             52.1862  -11.2173; ...
            -64.8823  -82.3003; ...
             81.2339   25.5395; ...
             85.9784   83.3470; ...
             83.1637  -53.7688; ...
            -73.8646   45.3214; ...
             55.0597  -51.9196; ...
             77.0017  -55.6467; ...
            -27.9046   -6.4583; ...
             -2.0949   52.2608; ...
            -50.3805    6.0596; ...
             54.9550  -91.9215; ...
             79.4851  -18.2311; ...
            -22.4260   -9.3922; ...
            -29.9353   19.2157; ...
             15.3431  -33.2805; ...
             -5.3666   52.5421; ...
             21.2515  -82.1781; ...
            -71.3861    3.1977; ...
             58.6496   68.1411; ...
            -97.9183   66.2123; ...
            -87.5747  -39.8764; ...
             13.6057   87.9630; ...
            -52.9074   60.0915; ...
              4.8599  -93.2498; ...
             41.4463  -49.1777; ...
            -62.1578   90.2041; ...
             11.7451   39.9033; ...
             80.6948  -72.4869; ...
             30.6331  -80.9041; ...
            -94.8776  -92.0474; ...
             65.3220  -67.1462; ...
             -7.0074   51.5826; ...
             48.9737   28.4152; ...
             30.2790   41.9786; ...
            -78.4397    6.8638; ...
             54.5021   47.1934; ...
            -59.1777   55.4541; ...
            -64.1010  -87.2237; ...
            -36.9928   17.6632; ...
             70.7953   76.3464; ...
            -24.4006   -6.9333; ...
            -71.8004   -2.9013; ...
             18.7701  -95.8633; ...
             49.1241  -26.4592; ...
            -15.4428  -73.0195; ...
             31.6895   60.9400; ...
             -6.6231  -66.9779; ...
             44.4085   95.4361; ...
            -63.6742  -18.3123; ...
            -52.1536   26.0489; ...
            -46.4847   47.9863; ...
             17.3611  -47.3861; ...
             95.3090   85.6109; ...
             81.7875    9.4219; ...
            -14.7020   47.3092; ...
             -7.0199   53.9470; ...
             75.7527   75.3062; ...
            -44.1388   82.2258; ...
             28.8834   91.3843; ...
            -38.6385  -29.8110; ...
             90.4771  -58.5253];


end

